# Initial values for the sliders, 2014 data rounded to 1k
hsgr_2014 <- 23000
enrl_2014 <- 115000
colg_2014 <- 28000
migr_2014 <- 0


hsgr_old <- hsgr_2014
enrl_old <- enrl_2014
#colg_old <- colg_2014
#migr_old <- migr_2014